3 0 36 83.6 87.4 91.2 95.1 98.9 102.7 106.5
3 1 37 84.2 88.0 91.9 95.7 99.6 103.4 107.3
3 2 38 84.7 88.6 92.5 96.4 100.3 104.2 108.1
3 3 39 85.3 89.2 93.1 97.1 101.0 105.0 108.9
3 4 40 85.8 89.8 93.8 97.7 101.7 105.7 109.7
3 5 41 86.3 90.4 94.4 98.4 102.4 106.4 110.5
3 6 42 86.8 90.9 95.0 99.0 103.1 107.2 111.2
3 7 43 87.4 91.5 95.6 99.7 103.8 107.9 112.0
3 8 44 87.9 92.0 96.2 100.3 104.5 108.6 112.7
3 9 45 88.4 92.5 96.7 100.9 105.1 109.3 113.5
3 10 46 88.9 93.1 97.3 101.5 105.8 110.0 114.2
3 11 47 89.3 93.6 97.9 102.1 106.4 110.7 114.9
4 0 48 89.8 94.1 98.4 102.7 107.0 111.3 115.7
4 1 49 90.3 94.6 99.0 103.3 107.7 112.0 116.4
4 2 50 90.7 95.1 99.5 103.9 108.3 112.7 117.1
4 3 51 91.2 95.6 100.1 104.5 108.9 113.3 117.7
4 4 52 91.7 96.1 100.6 105.0 109.5 114.0 118.4
4 5 53 92.1 96.6 101.1 105.6 110.1 114.6 119.1
4 6 54 92.6 97.1 101.6 106.2 110.7 115.2 119.8
4 7 55 93.0 97.6 102.2 106.7 111.3 115.9 120.4
4 8 56 93.4 98.1 102.7 107.3 111.9 116.5 121.1
4 9 57 93.9 98.5 103.2 107.8 112.5 117.1 121.8
4 10 58 94.3 99.0 103.7 108.4 113.0 117.7 122.4
4 11 59 94.7 99.5 104.2 108.9 113.6 118.3 123.1
5 0 60 95.2 99.9 104.7 109.4 114.2 118.9 123.7