95.0 10.8 11.7 12.7 13.9 15.2 16.7 18.5 
95.5 10.8 11.8 12.8 14.0 15.4 16.9 18.6
96.0 10.9 11.9 12.9 14.1 15.5 17.0 18.8
96.5 11.0 12.0 13.1 14.3 15.6 17.2 19.0
97.0 11.1 12.1 13.2 14.4 15.8 17.4 19.2
97.5 11.2 12.2 13.3 14.5 15.9 17.5 19.3
98.0 11.3 12.3 13.4 14.7 16.1 17.7 19.5
98.5 11.4 12.4 13.5 14.8 16.2 17.9 19.7
99.0 11.5 12.5 13.7 14.9 16.4 18.0 19.9
99.5 11.6 12.7 13.8 15.1 16.5 18.2 20.1
100.0 11.7 12.8 13.9 15.2 16.7 18.4 20.3
100.5 11.9 12.9 14.1 15.4 16.9 18.6 20.5
101.0 12.0 13.0 14.2 15.5 17.0 18.7 20.7
101.5 12.1 13.1 14.3 15.7 17.2 18.9 20.9
102.0 12.2 13.3 14.5 15.8 17.4 19.1 21.1
102.5 12.3 13.4 14.6 16.0 17.5 19.3 21.4
103.0 12.4 13.5 14.7 16.1 17.7 19.5 21.6
103.5 12.5 13.6 14.9 16.3 17.9 19.7 21.8
104.0 12.6 13.8 15.0 16.4 18.1 19.9 22.0
104.5 12.8 13.9 15.2 16.6 18.2 20.1 22.3
105.0 12.9 14.0 15.3 16.8 18.4 20.3 22.5
105.5 13.0 14.2 15.5 16.9 18.6 20.5 22.7
106.0 13.1 14.3 15.6 17.1 18.8 20.8 23.0
106.5 13.3 14.5 15.8 17.3 19.0 21.0 23.2
107.0 13.4 14.6 15.9 17.5 19.2 21.2 23.5
107.5 13.5 14.7 16.1 17.7 19.4 21.4 23.7
108.0 13.7 14.9 16.3 17.8 19.6 21.7 24.0
108.5 13.8 15.0 16.4 18.0 19.8 21.9 24.3
109.0 13.9 15.2 16.6 18.2 20.0 22.1 24.5
109.5 14.1 15.4 16.8 18.4 20.3 22.4 24.8
110.0 14.2 15.5 17.0 18.6 20.5 22.6 25.1
110.5 14.4 15.7 17.1 18.8 20.7 22.9 25.4
111.0 14.5 15.8 17.3 19.0 20.9 23.1 25.7
111.5 14.7 16.0 17.5 19.2 21.2 23.4 26.0
112.0 14.8 16.2 17.7 19.4 21.4 23.6 26.2
112.5 15.0 16.3 17.9 19.6 21.6 23.9 26.5
113.0 15.1 16.5 18.0 19.8 21.8 24.2 26.8
113.5 15.3 16.7 18.2 20.0 22.1 24.4 27.1
114.0 15.4 16.8 18.4 20.2 22.3 24.7 27.4
114.5 15.6 17.0 18.6 20.5 22.6 25.0 27.8
115.0 15.7 17.2 18.8 20.7 22.8 25.2 28.1
115.5 15.9 17.3 19.0 20.9 23.0 25.5 28.4
116.0 16.0 17.5 19.2 21.1 23.3 25.8 28.7
116.5 16.2 17.7 19.4 21.3 23.5 26.1 29.0
117.0 16.3 17.8 19.6 21.5 23.8 26.3 29.3
117.5 16.5 18.0 19.8 21.7 24.0 26.6 29.6
118.0 16.6 18.2 19.9 22.0 24.2 26.9 29.9
118.5 16.8 18.4 20.1 22.2 24.5 27.2 30.3
119.0 16.9 18.5 20.3 22.4 24.7 27.4 30.6
119.5 17.1 18.7 20.5 22.6 25.0 27.7 30.9
120.0 17.3 18.9 20.7 22.8 25.2 28.0 31.2